# kphi, kappa, ktheta, if_was_collision. mu=delta=gamma=0. Using cryostat with dome and no pipes
-0.0 -179.0 181.0 True
0.0 -159.0 181.0 True
-0.0 -139.0 181.0 True
0.0 -119.0 181.0 True
0.0 -99.0 181.0 True
0.0 -79.0 181.0 True
0.0 -59.0 181.0 True
-0.0 -39.0 181.0 True
-0.0 -19.0 181.0 True
0.0 1.0 181.0 True
0.0 21.0 181.0 True
0.0 41.0 181.0 True
0.0 61.0 181.0 True
0.0 81.0 181.0 True
0.0 101.0 181.0 True
0.0 121.0 181.0 True
-0.0 141.0 181.0 True
0.0 161.0 181.0 True
-0.0 -179.0 201.0 True
0.0 -159.0 201.0 True
-0.0 -139.0 201.0 True
0.0 -119.0 201.0 True
0.0 -99.0 201.0 True
0.0 -79.0 201.0 True
0.0 -59.0 201.0 True
-0.0 -39.0 201.0 True
-0.0 -19.0 201.0 True
0.0 1.0 201.0 True
0.0 21.0 201.0 True
0.0 41.0 201.0 True
0.0 61.0 201.0 True
0.0 81.0 201.0 True
0.0 101.0 201.0 True
0.0 121.0 201.0 True
-0.0 141.0 201.0 True
0.0 161.0 201.0 True
-0.0 -179.0 221.0 True
0.0 -159.0 221.0 False
-0.0 -139.0 221.0 True
0.0 -119.0 221.0 True
0.0 -99.0 221.0 True
0.0 -79.0 221.0 True
0.0 -59.0 221.0 True
-0.0 -39.0 221.0 True
-0.0 -19.0 221.0 True
0.0 1.0 221.0 True
0.0 21.0 221.0 False
0.0 41.0 221.0 False
0.0 61.0 221.0 True
0.0 81.0 221.0 True
0.0 101.0 221.0 True
0.0 121.0 221.0 True
-0.0 141.0 221.0 True
0.0 161.0 221.0 True
-0.0 -179.0 241.0 False
0.0 -159.0 241.0 False
-0.0 -139.0 241.0 False
0.0 -119.0 241.0 False
0.0 -99.0 241.0 False
0.0 -79.0 241.0 False
0.0 -59.0 241.0 False
-0.0 -39.0 241.0 False
-0.0 -19.0 241.0 False
0.0 1.0 241.0 False
0.0 21.0 241.0 False
0.0 41.0 241.0 False
0.0 61.0 241.0 True
0.0 81.0 241.0 True
0.0 101.0 241.0 True
0.0 121.0 241.0 True
-0.0 141.0 241.0 True
0.0 161.0 241.0 True
-0.0 -179.0 261.0 False
0.0 -159.0 261.0 False
-0.0 -139.0 261.0 False
0.0 -119.0 261.0 False
0.0 -99.0 261.0 False
0.0 -79.0 261.0 False
0.0 -59.0 261.0 False
-0.0 -39.0 261.0 False
-0.0 -19.0 261.0 False
0.0 1.0 261.0 False
0.0 21.0 261.0 False
0.0 41.0 261.0 False
0.0 61.0 261.0 True
0.0 81.0 261.0 True
0.0 101.0 261.0 True
0.0 121.0 261.0 True
-0.0 141.0 261.0 False
0.0 161.0 261.0 False
-0.0 -179.0 -79.0 False
0.0 -159.0 -79.0 False
-0.0 -139.0 -79.0 False
0.0 -119.0 -79.0 False
0.0 -99.0 -79.0 True
0.0 -79.0 -79.0 True
0.0 -59.0 -79.0 False
-0.0 -39.0 -79.0 False
-0.0 -19.0 -79.0 False
0.0 1.0 -79.0 False
0.0 21.0 -79.0 False
0.0 41.0 -79.0 False
0.0 61.0 -79.0 True
0.0 81.0 -79.0 True
0.0 101.0 -79.0 False
0.0 121.0 -79.0 False
-0.0 141.0 -79.0 False
0.0 161.0 -79.0 False
-0.0 -179.0 -59.0 False
0.0 -159.0 -59.0 False
-0.0 -139.0 -59.0 True
0.0 -119.0 -59.0 True
0.0 -99.0 -59.0 True
0.0 -79.0 -59.0 True
0.0 -59.0 -59.0 False
-0.0 -39.0 -59.0 False
-0.0 -19.0 -59.0 False
0.0 1.0 -59.0 False
0.0 21.0 -59.0 False
0.0 41.0 -59.0 False
0.0 61.0 -59.0 False
0.0 81.0 -59.0 False
0.0 101.0 -59.0 False
0.0 121.0 -59.0 False
-0.0 141.0 -59.0 False
0.0 161.0 -59.0 False
-0.0 -179.0 -39.0 False
0.0 -159.0 -39.0 True
-0.0 -139.0 -39.0 True
0.0 -119.0 -39.0 True
0.0 -99.0 -39.0 True
0.0 -79.0 -39.0 True
0.0 -59.0 -39.0 False
-0.0 -39.0 -39.0 False
-0.0 -19.0 -39.0 False
0.0 1.0 -39.0 False
0.0 21.0 -39.0 False
0.0 41.0 -39.0 False
0.0 61.0 -39.0 False
0.0 81.0 -39.0 False
0.0 101.0 -39.0 False
0.0 121.0 -39.0 False
-0.0 141.0 -39.0 False
0.0 161.0 -39.0 False
-0.0 -179.0 -19.0 True
0.0 -159.0 -19.0 True
-0.0 -139.0 -19.0 True
0.0 -119.0 -19.0 True
0.0 -99.0 -19.0 True
0.0 -79.0 -19.0 False
0.0 -59.0 -19.0 False
-0.0 -39.0 -19.0 False
-0.0 -19.0 -19.0 False
0.0 1.0 -19.0 False
0.0 21.0 -19.0 False
0.0 41.0 -19.0 False
0.0 61.0 -19.0 False
0.0 81.0 -19.0 False
0.0 101.0 -19.0 False
0.0 121.0 -19.0 False
-0.0 141.0 -19.0 False
0.0 161.0 -19.0 True
-0.0 -179.0 1.0 True
0.0 -159.0 1.0 True
-0.0 -139.0 1.0 True
0.0 -119.0 1.0 False
0.0 -99.0 1.0 False
0.0 -79.0 1.0 False
0.0 -59.0 1.0 False
-0.0 -39.0 1.0 False
-0.0 -19.0 1.0 False
0.0 1.0 1.0 False
0.0 21.0 1.0 False
0.0 41.0 1.0 False
0.0 61.0 1.0 False
0.0 81.0 1.0 False
0.0 101.0 1.0 False
0.0 121.0 1.0 True
-0.0 141.0 1.0 True
0.0 161.0 1.0 True
-0.0 -179.0 21.0 True
0.0 -159.0 21.0 False
-0.0 -139.0 21.0 False
0.0 -119.0 21.0 False
0.0 -99.0 21.0 False
0.0 -79.0 21.0 False
0.0 -59.0 21.0 False
-0.0 -39.0 21.0 False
-0.0 -19.0 21.0 False
0.0 1.0 21.0 False
0.0 21.0 21.0 False
0.0 41.0 21.0 False
0.0 61.0 21.0 False
0.0 81.0 21.0 False
0.0 101.0 21.0 True
0.0 121.0 21.0 True
-0.0 141.0 21.0 True
0.0 161.0 21.0 True
-0.0 -179.0 41.0 False
0.0 -159.0 41.0 False
-0.0 -139.0 41.0 False
0.0 -119.0 41.0 False
0.0 -99.0 41.0 False
0.0 -79.0 41.0 False
0.0 -59.0 41.0 False
-0.0 -39.0 41.0 False
-0.0 -19.0 41.0 False
0.0 1.0 41.0 False
0.0 21.0 41.0 False
0.0 41.0 41.0 False
0.0 61.0 41.0 False
0.0 81.0 41.0 True
0.0 101.0 41.0 True
0.0 121.0 41.0 True
-0.0 141.0 41.0 True
0.0 161.0 41.0 True
-0.0 -179.0 61.0 False
0.0 -159.0 61.0 False
-0.0 -139.0 61.0 False
0.0 -119.0 61.0 False
0.0 -99.0 61.0 False
0.0 -79.0 61.0 False
0.0 -59.0 61.0 False
-0.0 -39.0 61.0 False
-0.0 -19.0 61.0 False
0.0 1.0 61.0 False
0.0 21.0 61.0 False
0.0 41.0 61.0 False
0.0 61.0 61.0 False
0.0 81.0 61.0 True
0.0 101.0 61.0 True
0.0 121.0 61.0 True
-0.0 141.0 61.0 True
0.0 161.0 61.0 False
-0.0 -179.0 81.0 False
0.0 -159.0 81.0 False
-0.0 -139.0 81.0 False
0.0 -119.0 81.0 False
0.0 -99.0 81.0 True
0.0 -79.0 81.0 True
0.0 -59.0 81.0 True
-0.0 -39.0 81.0 False
-0.0 -19.0 81.0 False
0.0 1.0 81.0 False
0.0 21.0 81.0 False
0.0 41.0 81.0 False
0.0 61.0 81.0 False
0.0 81.0 81.0 True
0.0 101.0 81.0 True
0.0 121.0 81.0 False
-0.0 141.0 81.0 False
0.0 161.0 81.0 False
-0.0 -179.0 101.0 False
0.0 -159.0 101.0 False
-0.0 -139.0 101.0 False
0.0 -119.0 101.0 True
0.0 -99.0 101.0 True
0.0 -79.0 101.0 True
0.0 -59.0 101.0 True
-0.0 -39.0 101.0 False
-0.0 -19.0 101.0 False
0.0 1.0 101.0 False
0.0 21.0 101.0 False
0.0 41.0 101.0 False
0.0 61.0 101.0 False
0.0 81.0 101.0 False
0.0 101.0 101.0 False
0.0 121.0 101.0 False
-0.0 141.0 101.0 False
0.0 161.0 101.0 False
-0.0 -179.0 121.0 False
0.0 -159.0 121.0 False
-0.0 -139.0 121.0 True
0.0 -119.0 121.0 True
0.0 -99.0 121.0 True
0.0 -79.0 121.0 True
0.0 -59.0 121.0 True
-0.0 -39.0 121.0 False
-0.0 -19.0 121.0 False
0.0 1.0 121.0 False
0.0 21.0 121.0 False
0.0 41.0 121.0 False
0.0 61.0 121.0 False
0.0 81.0 121.0 False
0.0 101.0 121.0 False
0.0 121.0 121.0 False
-0.0 141.0 121.0 False
0.0 161.0 121.0 False
-0.0 -179.0 141.0 True
0.0 -159.0 141.0 True
-0.0 -139.0 141.0 True
0.0 -119.0 141.0 True
0.0 -99.0 141.0 True
0.0 -79.0 141.0 True
0.0 -59.0 141.0 True
-0.0 -39.0 141.0 True
-0.0 -19.0 141.0 False
0.0 1.0 141.0 True
0.0 21.0 141.0 True
0.0 41.0 141.0 True
0.0 61.0 141.0 True
0.0 81.0 141.0 True
0.0 101.0 141.0 True
0.0 121.0 141.0 True
-0.0 141.0 141.0 True
0.0 161.0 141.0 False
-0.0 -179.0 161.0 True
0.0 -159.0 161.0 True
-0.0 -139.0 161.0 True
0.0 -119.0 161.0 True
0.0 -99.0 161.0 True
0.0 -79.0 161.0 True
0.0 -59.0 161.0 True
-0.0 -39.0 161.0 True
-0.0 -19.0 161.0 True
0.0 1.0 161.0 True
0.0 21.0 161.0 True
0.0 41.0 161.0 True
0.0 61.0 161.0 True
0.0 81.0 161.0 True
0.0 101.0 161.0 True
0.0 121.0 161.0 True
-0.0 141.0 161.0 True
0.0 161.0 161.0 True
